66666 1808   53 0009 1808 0 3 MARIA                              20190319
2018070300 1 101 1480 1002      13
2018070306 1 106 1478 1002      13
2018070312 1 111 1473 1002      13
2018070318 1 113 1468 1002      13
2018070400 1 116 1464 1000      15
2018070406 1 121 1462 1000      15
2018070412 2 127 1458  998      18
2018070418 2 134 1450  992      23
2018070500 3 142 1441  985      28
2018070506 4 146 1433  975      33
2018070512 4 148 1427  965      38
2018070518 5 154 1423  945      48
2018070600 6 160 1420  925      58
2018070606 6 165 1416  925      58
2018070612 6 167 1412  925      58
2018070618 6 169 1409  930      55
2018070700 6 172 1407  935      52
2018070706 6 176 1406  935      52
2018070712 6 179 1403  935      52
2018070718 6 184 1397  935      52
2018070800 6 190 1389  935      52
2018070806 6 198 1378  925      58
2018070812 6 205 1366  925      58
2018070818 6 211 1351  925      58
2018070900 6 218 1336  925      58
2018070906 6 224 1320  925      58
2018070912 6 229 1304  930      55
2018070918 6 234 1288  935      52
2018071000 5 240 1273  940      50
2018071003 5 244 1264  940      50
2018071006 5 247 1256  945      48
2018071009 5 250 1248  945      48
2018071012 5 253 1241  945      48
2018071015 5 256 1234  950      45
2018071018 5 261 1223  950      45
2018071021 5 263 1211  955      42
2018071100 4 264 1202  960      40
2018071103 3 263 1192  975      30
2018071106 2 265 1184  990      20
2018071109 2 268 1176  992      18
2018071112 1 271 1170  996      15
2018071115 1 275 1162  996      15
2018071118 1 279 1156  998      13
2018071121 1 282 1151  998      13
2018071200 0 286 1144 1000      10
2018071203 0 289 1140 1000      10
2018071206 0 292 1136 1000      10
2018071209 0 296 1133 1000      10
2018071212 0 300 1131 1000      10
2018071215 0 304 1129 1002      10
2018071218 0 310 1127 1002      10
2018071221 0 317 1126 1002      10
2018071300 0 324 1125 1002      10








